78248852
78331300
78318771
78332279
78338415
78318930
78318853
77960735
78147882
78335079
78339752
78339115
78060120
78334143
78329551
78285751
78294919
78164208
78332704
78334408
78322760
77892355
78330525
78336306
78334446
78340609
78330203
78315157
78332588
78243737
78341337
78340967
78309111
78332470
78336550
78334054
77930586
78303256
78333628
78031302
78328395
78335800
78333467
78331960
78319369
78337987
78339733
78329491
77654101
78252934
78326766
78301488
78301125
78330868
78333818
78319495
78339916
78332443
78332200
78337974
78334790
78253552
78203062
78332099
78332294
76266765
78339485
78331162
78306101
78329641
78330709
78322497
